    unsorted:	 684.5129058 684.4250726 688.7084586 654.7940212 662.8934826 669.6769585 677.5345090 696.8469803 629.0774180 582.8739152 590.4181646 581.9781852 754.9077641 781.1952455 917.5899687 914.2120770 879.7364974 844.2538451 529.4122711 960.6023238 979.2446281 486.0962137 1013.033621 1034.828284 452.5128600 438.6547153 411.8789413 360.1267806 331.6470262 137.2342735 195.2135087 190.9191872 157.0439385 130.9251901 125.2841075 117.8059136 239.9343562 275.8046612 99.29110293 85.29441012 54.08415159 60.64987297 69.65139607 43.30004090 39.37418140 17.49091167 16.37800688 3.487873780 1185.776320 1275.496480 1318.816617 1453.257103 1422.471945 1420.436338 1519.967587 1529.189948 1631.641012 1654.580303 1677.729238 1727.569332 1817.855032 1885.006479 1947.937649 1995.630470 2090.790726 2182.816046 2236.168186 2435.502061 2327.455332 2335.290319 2426.453003 2448.943328 2543.711938 2587.791143 2651.999495 2753.951084 2770.023412 2802.695609 2894.606946 2987.917254 3110.454625 3125.133027 3194.368552 3288.052780 3308.123050 3377.466372 3413.066893 3511.902757 3617.746603 3646.379143 3800.484098 3924.524755 4039.349350 4055.235130 4078.322635 4552.069978 4631.206950 5090.555032 5395.791805 5517.023871 5893.578088 6089.835374 6373.824414 6619.185582 7234.523828 7313.260494 7671.216245 8181.804693 8243.621055 8788.600760 8962.930378 9569.595804 9666.368897 10046.62323 10401.11802 10528.18804 11534.51759 12019.18581 13023.23609 13487.22631 13667.56614 14408.50389 15149.07847 15453.24131 15635.15146 17074.57389 17605.74891 18290.58009 18405.95942 19612.55729 20058.34742 20494.87759 20925.20163 22802.62765 23221.16216 24580.35946 25144.09016 25643.75626 27700.67373 28830.92909 29386.55200 31047.22273 31640.41139 31964.51586 33734.87239 36923.76883 38741.40557 43974.29807 47020.13364 50483.69528 140715.1399
      sorted:	 3.487873780 16.37800688 17.49091167 39.37418140 43.30004090 54.08415159 60.64987297 69.65139607 85.29441012 99.29110293 117.8059136 125.2841075 130.9251901 137.2342735 157.0439385 190.9191872 195.2135087 239.9343562 275.8046612 331.6470262 360.1267806 411.8789413 438.6547153 452.5128600 486.0962137 529.4122711 581.9781852 582.8739152 590.4181646 629.0774180 654.7940212 662.8934826 669.6769585 677.5345090 684.4250726 684.5129058 688.7084586 696.8469803 754.9077641 781.1952455 844.2538451 879.7364974 914.2120770 917.5899687 960.6023238 979.2446281 1013.033621 1034.828284 1185.776320 1275.496480 1318.816617 1420.436338 1422.471945 1453.257103 1519.967587 1529.189948 1631.641012 1654.580303 1677.729238 1727.569332 1817.855032 1885.006479 1947.937649 1995.630470 2090.790726 2182.816046 2236.168186 2327.455332 2335.290319 2426.453003 2435.502061 2448.943328 2543.711938 2587.791143 2651.999495 2753.951084 2770.023412 2802.695609 2894.606946 2987.917254 3110.454625 3125.133027 3194.368552 3288.052780 3308.123050 3377.466372 3413.066893 3511.902757 3617.746603 3646.379143 3800.484098 3924.524755 4039.349350 4055.235130 4078.322635 4552.069978 4631.206950 5090.555032 5395.791805 5517.023871 5893.578088 6089.835374 6373.824414 6619.185582 7234.523828 7313.260494 7671.216245 8181.804693 8243.621055 8788.600760 8962.930378 9569.595804 9666.368897 10046.62323 10401.11802 10528.18804 11534.51759 12019.18581 13023.23609 13487.22631 13667.56614 14408.50389 15149.07847 15453.24131 15635.15146 17074.57389 17605.74891 18290.58009 18405.95942 19612.55729 20058.34742 20494.87759 20925.20163 22802.62765 23221.16216 24580.35946 25144.09016 25643.75626 27700.67373 28830.92909 29386.55200 31047.22273 31640.41139 31964.51586 33734.87239 36923.76883 38741.40557 43974.29807 47020.13364 50483.69528 140715.1399
