    unsorted:	 684.6083106 684.2551665 687.5089030 679.7479596 662.2088054 659.2008701 717.4374868 726.7378518 614.7329206 572.4547089 579.5933749 604.1435775 537.8839544 862.9188936 870.6246937 855.3988675 847.2067818 510.9734433 915.9015689 968.7663137 446.9832535 416.4247507 390.0853906 352.1520692 335.4560714 286.5713487 132.8467947 135.6492707 129.5438526 123.8364778 152.2252044 112.6925941 179.4910199 210.9905095 242.8198981 90.11960811 62.92731634 77.11464691 67.02037925 50.02967833 37.50188872 34.19870325 18.37874441 3.882923786 1031.124650 1093.675645 1174.135075 1116.437175 1195.453113 1296.142851 1305.200064 1375.694376 1402.692124 1516.121877 1541.871368 1758.631127 1651.741401 1688.892116 1738.236424 1782.685383 1833.381123 1905.719863 1996.639467 2052.502268 2091.502760 2139.011042 2237.889818 2337.037240 2383.531616 2448.832203 2477.509840 2546.168166 2567.826518 2690.571864 2701.132895 2807.495710 2925.381700 3014.602117 3076.129000 3170.877834 3364.898509 3401.909939 3461.138451 3523.990097 3575.271103 3592.961458 3699.784636 3834.490327 3875.427413 3937.224988 4104.258715 4184.483027 4238.515183 4702.817007 4877.290964 5391.361782 5812.848184 5946.819955 5984.535259 6380.291768 6508.664006 7025.703385 7283.478249 7577.818253 8156.746973 8482.238652 8766.148682 9047.860540 9478.678935 9580.645572 10232.95835 10554.05288 11545.60601 11783.78845 12918.87683 13125.42833 13681.97020 14545.00363 15031.13693 15333.75678 15975.86909 17164.44267 17466.13306 17931.98561 18819.09528 19494.08783 20278.92990 20420.09361 20865.24785 21105.42426 23456.32471 24347.58990 25465.21190 26060.65739 27866.81747 29388.71455 31108.14371 32562.58621 33654.70803 37579.81119 38204.91841 44243.80034 46642.82949 50158.96639 149000.5816
      sorted:	 3.882923786 18.37874441 34.19870325 37.50188872 50.02967833 62.92731634 67.02037925 77.11464691 90.11960811 112.6925941 123.8364778 129.5438526 132.8467947 135.6492707 152.2252044 179.4910199 210.9905095 242.8198981 286.5713487 335.4560714 352.1520692 390.0853906 416.4247507 446.9832535 510.9734433 537.8839544 572.4547089 579.5933749 604.1435775 614.7329206 659.2008701 662.2088054 679.7479596 684.2551665 684.6083106 687.5089030 717.4374868 726.7378518 847.2067818 855.3988675 862.9188936 870.6246937 915.9015689 968.7663137 1031.124650 1093.675645 1116.437175 1174.135075 1195.453113 1296.142851 1305.200064 1375.694376 1402.692124 1516.121877 1541.871368 1651.741401 1688.892116 1738.236424 1758.631127 1782.685383 1833.381123 1905.719863 1996.639467 2052.502268 2091.502760 2139.011042 2237.889818 2337.037240 2383.531616 2448.832203 2477.509840 2546.168166 2567.826518 2690.571864 2701.132895 2807.495710 2925.381700 3014.602117 3076.129000 3170.877834 3364.898509 3401.909939 3461.138451 3523.990097 3575.271103 3592.961458 3699.784636 3834.490327 3875.427413 3937.224988 4104.258715 4184.483027 4238.515183 4702.817007 4877.290964 5391.361782 5812.848184 5946.819955 5984.535259 6380.291768 6508.664006 7025.703385 7283.478249 7577.818253 8156.746973 8482.238652 8766.148682 9047.860540 9478.678935 9580.645572 10232.95835 10554.05288 11545.60601 11783.78845 12918.87683 13125.42833 13681.97020 14545.00363 15031.13693 15333.75678 15975.86909 17164.44267 17466.13306 17931.98561 18819.09528 19494.08783 20278.92990 20420.09361 20865.24785 21105.42426 23456.32471 24347.58990 25465.21190 26060.65739 27866.81747 29388.71455 31108.14371 32562.58621 33654.70803 37579.81119 38204.91841 44243.80034 46642.82949 50158.96639 149000.5816
