    unsorted:	 684.6082981 684.2551456 687.5088597 679.7476091 662.2086096 659.2006750 717.4357445 726.7377101 614.7328891 572.5409505 579.5930742 604.1182268 538.6188263 863.5070735 870.6246024 855.3259914 847.2045840 510.9729402 915.8973287 968.7658423 446.5306237 416.3853647 390.0674705 352.1460364 335.4523018 1031.113244 1093.675466 1116.425872 1174.776490 286.4638742 132.9688035 135.6293132 126.6953219 122.6742127 152.2116139 112.5396778 179.3676510 210.9689203 242.4532755 90.12628410 62.85306259 77.11758226 67.08186916 50.04222571 37.50189110 34.19959762 18.37875776 3.882923237 1195.452224 1296.141627 1305.197672 1375.683289 1402.683930 1516.119098 1541.867936 1758.596493 1651.725708 1688.890798 1738.223940 1782.680263 1833.356971 1905.717935 1996.637379 2052.484876 2091.389989 2139.009029 2237.862539 2337.034240 2383.531079 2448.815276 2477.475387 2546.081425 2567.763034 2690.571035 2701.115058 2807.494632 2925.374382 3014.595558 3076.119129 3170.855659 3364.895516 3401.902935 3461.138470 3523.989252 3575.247142 3592.922746 3699.613545 3834.487273 3875.416144 3937.117773 4104.130341 4184.461312 4238.493562 4702.642621 4877.288554 5390.908701 5812.483358 5946.677237 5984.508166 6380.289163 6508.659112 7025.513951 7283.013183 7577.779502 8156.438160 8482.210604 8765.569609 9047.522981 9478.439574 9580.132997 10232.89297 10554.02091 11545.45570 11782.62866 12914.42570 13125.14164 13681.88310 14544.81105 15030.79794 15333.73848 15975.86197 17163.32103 17464.88782 17930.91643 18818.97439 19493.86653 20278.84855 20419.51309 20864.46210 21104.03874 23455.72767 24336.37946 25463.35004 26060.60032 27865.98284 29387.32004 31108.09132 32562.52896 33654.70714 37579.59776 38204.58966 44243.30838 46642.61608 50155.42240 149000.5816
      sorted:	 3.882923237 18.37875776 34.19959762 37.50189110 50.04222571 62.85306259 67.08186916 77.11758226 90.12628410 112.5396778 122.6742127 126.6953219 132.9688035 135.6293132 152.2116139 179.3676510 210.9689203 242.4532755 286.4638742 335.4523018 352.1460364 390.0674705 416.3853647 446.5306237 510.9729402 538.6188263 572.5409505 579.5930742 604.1182268 614.7328891 659.2006750 662.2086096 679.7476091 684.2551456 684.6082981 687.5088597 717.4357445 726.7377101 847.2045840 855.3259914 863.5070735 870.6246024 915.8973287 968.7658423 1031.113244 1093.675466 1116.425872 1174.776490 1195.452224 1296.141627 1305.197672 1375.683289 1402.683930 1516.119098 1541.867936 1651.725708 1688.890798 1738.223940 1758.596493 1782.680263 1833.356971 1905.717935 1996.637379 2052.484876 2091.389989 2139.009029 2237.862539 2337.034240 2383.531079 2448.815276 2477.475387 2546.081425 2567.763034 2690.571035 2701.115058 2807.494632 2925.374382 3014.595558 3076.119129 3170.855659 3364.895516 3401.902935 3461.138470 3523.989252 3575.247142 3592.922746 3699.613545 3834.487273 3875.416144 3937.117773 4104.130341 4184.461312 4238.493562 4702.642621 4877.288554 5390.908701 5812.483358 5946.677237 5984.508166 6380.289163 6508.659112 7025.513951 7283.013183 7577.779502 8156.438160 8482.210604 8765.569609 9047.522981 9478.439574 9580.132997 10232.89297 10554.02091 11545.45570 11782.62866 12914.42570 13125.14164 13681.88310 14544.81105 15030.79794 15333.73848 15975.86197 17163.32103 17464.88782 17930.91643 18818.97439 19493.86653 20278.84855 20419.51309 20864.46210 21104.03874 23455.72767 24336.37946 25463.35004 26060.60032 27865.98284 29387.32004 31108.09132 32562.52896 33654.70714 37579.59776 38204.58966 44243.30838 46642.61608 50155.42240 149000.5816
