    unsorted:	 684.6083263 684.2551825 687.5089495 679.7482298 662.2089527 659.2010618 717.4387487 726.7379452 614.7329370 572.3393315 579.5937075 604.1675533 538.3146938 863.8901028 870.6246280 855.4626773 847.2086329 510.9735180 915.9055358 968.7663906 447.3489547 416.4561541 390.1001286 352.1567604 335.4594529 286.6373328 132.8975275 135.6551300 129.7981796 123.7988215 152.2302921 112.6274303 179.5576332 211.0002239 243.0518913 90.08313117 62.97590581 77.10825717 66.91524817 50.01203066 37.50189077 34.19756815 18.37872589 3.882923921 1031.134310 1093.675710 1172.830645 1116.447106 1195.453434 1296.143802 1305.202111 1375.704258 1402.699188 1516.124369 1541.874380 1757.874421 1651.755497 1688.892742 1738.246986 1782.689954 1833.402713 1905.721517 1996.640916 2052.517265 2091.603424 2139.012089 2237.914143 2337.039801 2383.531880 2448.846942 2477.540403 2546.244783 2567.883327 2690.572466 2701.149054 2807.496640 2925.387797 3014.607948 3076.137918 3170.897633 3364.901160 3401.916194 3461.138524 3523.991020 3575.292470 3592.996015 3699.938055 3834.492954 3875.437388 3937.320851 4104.373260 4184.502275 4238.534718 4702.973147 4877.293163 5391.767300 5813.175367 5946.948521 5984.560056 6380.292775 6508.667973 7025.871707 7283.895368 7577.852640 8157.023405 8482.263448 8766.667821 9048.164020 9478.892559 9581.105904 10233.01716 10554.08155 11545.74049 11784.82620 12922.87661 13125.69726 13682.05037 14545.17831 15031.44426 15333.77478 15975.87608 17165.44290 17467.25687 17932.95478 18819.20403 19494.28688 20279.00037 20420.61320 20865.94931 21106.68044 23456.85247 24357.72415 25466.92899 26060.70936 27867.57684 29389.98294 31108.19200 32562.63994 33654.70735 37580.00611 38205.21938 44244.24690 46643.02307 50162.17635 149000.5816
      sorted:	 3.882923921 18.37872589 34.19756815 37.50189077 50.01203066 62.97590581 66.91524817 77.10825717 90.08313117 112.6274303 123.7988215 129.7981796 132.8975275 135.6551300 152.2302921 179.5576332 211.0002239 243.0518913 286.6373328 335.4594529 352.1567604 390.1001286 416.4561541 447.3489547 510.9735180 538.3146938 572.3393315 579.5937075 604.1675533 614.7329370 659.2010618 662.2089527 679.7482298 684.2551825 684.6083263 687.5089495 717.4387487 726.7379452 847.2086329 855.4626773 863.8901028 870.6246280 915.9055358 968.7663906 1031.134310 1093.675710 1116.447106 1172.830645 1195.453434 1296.143802 1305.202111 1375.704258 1402.699188 1516.124369 1541.874380 1651.755497 1688.892742 1738.246986 1757.874421 1782.689954 1833.402713 1905.721517 1996.640916 2052.517265 2091.603424 2139.012089 2237.914143 2337.039801 2383.531880 2448.846942 2477.540403 2546.244783 2567.883327 2690.572466 2701.149054 2807.496640 2925.387797 3014.607948 3076.137918 3170.897633 3364.901160 3401.916194 3461.138524 3523.991020 3575.292470 3592.996015 3699.938055 3834.492954 3875.437388 3937.320851 4104.373260 4184.502275 4238.534718 4702.973147 4877.293163 5391.767300 5813.175367 5946.948521 5984.560056 6380.292775 6508.667973 7025.871707 7283.895368 7577.852640 8157.023405 8482.263448 8766.667821 9048.164020 9478.892559 9581.105904 10233.01716 10554.08155 11545.74049 11784.82620 12922.87661 13125.69726 13682.05037 14545.17831 15031.44426 15333.77478 15975.87608 17165.44290 17467.25687 17932.95478 18819.20403 19494.28688 20279.00037 20420.61320 20865.94931 21106.68044 23456.85247 24357.72415 25466.92899 26060.70936 27867.57684 29389.98294 31108.19200 32562.63994 33654.70735 37580.00611 38205.21938 44244.24690 46643.02307 50162.17635 149000.5816
