    unsorted:	 686.1305533 684.4627230 688.2742794 680.1951276 664.5681739 662.4247039 701.4261051 621.2106083 730.5042288 553.8129616 590.5094160 579.6420119 521.1512291 872.1367329 848.5944395 850.5663213 855.4973558 899.8454827 496.8545453 438.8602857 424.9337297 374.7585788 972.1490494 339.0724892 323.7356052 131.9824991 130.1945541 135.4436261 143.4130813 124.1178917 154.8854999 113.7060719 82.96011116 91.33343329 209.3238300 235.2235907 273.2134580 72.61551331 67.21808046 48.01875038 36.62344141 30.31247708 18.41598509 4.323574492 1026.854948 1154.908466 1087.599143 1108.270068 1179.016066 1251.724599 1257.434392 1360.778710 1344.579233 1409.086570 1489.609661 1762.460994 1629.671651 1666.528584 1698.473827 1734.306681 1787.485611 1878.928711 1910.322765 2010.322527 2029.328780 2083.006140 2236.433996 2358.148371 2303.827806 2394.208912 2445.236889 2496.845552 2567.187326 2669.166413 2721.772397 2775.042418 2936.463384 3020.531729 3091.181802 3314.173265 3384.504907 3496.237501 3509.924792 3551.137519 3616.742185 3700.810114 3804.521397 3834.559462 4083.398463 4112.041645 4158.501356 4614.648000 4865.654523 5077.037109 5367.985721 5781.647787 5930.385185 5944.725152 6392.674781 6515.331741 7083.474684 7481.045144 7824.440864 8228.305518 8725.400090 8863.055389 9384.337358 9423.795272 10079.53244 10512.37280 11507.60965 11782.57245 12718.27716 12959.88017 13588.77176 14587.98374 14754.82027 15484.89926 15917.67706 16481.49146 17234.44368 17516.11962 18283.02496 19442.30446 20150.85275 20276.77625 21117.38641 23648.66681 24225.76650 25250.42560 25861.81516 26930.50004 28468.68812 30231.57908 32561.86815 32997.63794 37227.25691 37904.13169 43989.95265 45800.56687 50107.80233 153701.8014
      sorted:	 4.323574492 18.41598509 30.31247708 36.62344141 48.01875038 67.21808046 72.61551331 82.96011116 91.33343329 113.7060719 124.1178917 130.1945541 131.9824991 135.4436261 143.4130813 154.8854999 209.3238300 235.2235907 273.2134580 323.7356052 339.0724892 374.7585788 424.9337297 438.8602857 496.8545453 521.1512291 553.8129616 579.6420119 590.5094160 621.2106083 662.4247039 664.5681739 680.1951276 684.4627230 686.1305533 688.2742794 701.4261051 730.5042288 848.5944395 850.5663213 855.4973558 872.1367329 899.8454827 972.1490494 1026.854948 1087.599143 1108.270068 1154.908466 1179.016066 1251.724599 1257.434392 1344.579233 1360.778710 1409.086570 1489.609661 1629.671651 1666.528584 1698.473827 1734.306681 1762.460994 1787.485611 1878.928711 1910.322765 2010.322527 2029.328780 2083.006140 2236.433996 2303.827806 2358.148371 2394.208912 2445.236889 2496.845552 2567.187326 2669.166413 2721.772397 2775.042418 2936.463384 3020.531729 3091.181802 3314.173265 3384.504907 3496.237501 3509.924792 3551.137519 3616.742185 3700.810114 3804.521397 3834.559462 4083.398463 4112.041645 4158.501356 4614.648000 4865.654523 5077.037109 5367.985721 5781.647787 5930.385185 5944.725152 6392.674781 6515.331741 7083.474684 7481.045144 7824.440864 8228.305518 8725.400090 8863.055389 9384.337358 9423.795272 10079.53244 10512.37280 11507.60965 11782.57245 12718.27716 12959.88017 13588.77176 14587.98374 14754.82027 15484.89926 15917.67706 16481.49146 17234.44368 17516.11962 18283.02496 19442.30446 20150.85275 20276.77625 21117.38641 23648.66681 24225.76650 25250.42560 25861.81516 26930.50004 28468.68812 30231.57908 32561.86815 32997.63794 37227.25691 37904.13169 43989.95265 45800.56687 50107.80233 153701.8014
