    unsorted:	 640.8266597 638.4025627 664.6509970 667.1265016 684.8983000 683.9790481 689.9891963 687.9029211 646.5205594 643.2518200 623.9281564 593.2568953 763.4802539 535.5077174 914.3164491 868.0143759 882.3165429 836.9436708 975.1825386 956.1944556 998.8373143 480.0595512 445.8495506 419.2407608 404.3337702 1045.389264 329.7954060 305.4807966 196.8026558 266.3260051 233.4218196 182.4315743 179.3076137 142.7410442 109.0215563 117.0570108 123.4742345 128.7313382 100.1456947 85.57295239 73.60572889 61.27221008 50.45110481 42.63858596 17.90424765 3.728383128 1.889681546 1166.960401 1350.163060 1291.298294 1278.254507 1407.649818 1415.550686 1481.366550 1573.202191 1636.480740 1659.588896 1688.178143 1720.482604 1808.790439 1892.111018 2004.832380 2074.650126 2130.549569 2173.355517 2196.095453 2237.298023 2290.446070 2449.477363 2390.228558 2455.510493 2539.203271 2591.477049 2618.157982 2775.707221 2757.991237 2826.678509 2904.401787 2940.316037 3100.843692 3155.788272 3199.171126 3290.921318 3357.670667 3377.399600 3407.312890 3427.850287 3503.204747 3545.604735 3691.277203 3807.285141 3859.216420 3975.223877 4050.789330 4096.198646 4566.063330 4647.117208 5192.539848 5343.739091 5674.250232 5794.386918 6087.090834 6383.826556 6542.771313 7071.188842 7168.157766 7564.962557 7925.810348 8042.751625 8603.566855 9020.039631 9460.679456 9572.060825 9784.599331 10188.00095 10307.17891 11314.19282 11494.57992 12720.18777 13278.76523 13569.51820 14010.58077 14852.97505 15127.81774 15412.62130 16531.78973 17156.38894 17561.36536 17995.19479 19283.26100 19643.51223 19911.45963 20282.12029 22214.96856 22291.90499 24133.29075 24577.90278 24915.09487 26289.15605 27853.28970 28359.40461 29175.29445 31224.21042 31993.77667 33619.95703 36984.33394 38520.19640 43868.57071 45729.98796 50139.46441 140728.5086
      sorted:	 1.889681546 3.728383128 17.90424765 42.63858596 50.45110481 61.27221008 73.60572889 85.57295239 100.1456947 109.0215563 117.0570108 123.4742345 128.7313382 142.7410442 179.3076137 182.4315743 196.8026558 233.4218196 266.3260051 305.4807966 329.7954060 404.3337702 419.2407608 445.8495506 480.0595512 535.5077174 593.2568953 623.9281564 638.4025627 640.8266597 643.2518200 646.5205594 664.6509970 667.1265016 683.9790481 684.8983000 687.9029211 689.9891963 763.4802539 836.9436708 868.0143759 882.3165429 914.3164491 956.1944556 975.1825386 998.8373143 1045.389264 1166.960401 1278.254507 1291.298294 1350.163060 1407.649818 1415.550686 1481.366550 1573.202191 1636.480740 1659.588896 1688.178143 1720.482604 1808.790439 1892.111018 2004.832380 2074.650126 2130.549569 2173.355517 2196.095453 2237.298023 2290.446070 2390.228558 2449.477363 2455.510493 2539.203271 2591.477049 2618.157982 2757.991237 2775.707221 2826.678509 2904.401787 2940.316037 3100.843692 3155.788272 3199.171126 3290.921318 3357.670667 3377.399600 3407.312890 3427.850287 3503.204747 3545.604735 3691.277203 3807.285141 3859.216420 3975.223877 4050.789330 4096.198646 4566.063330 4647.117208 5192.539848 5343.739091 5674.250232 5794.386918 6087.090834 6383.826556 6542.771313 7071.188842 7168.157766 7564.962557 7925.810348 8042.751625 8603.566855 9020.039631 9460.679456 9572.060825 9784.599331 10188.00095 10307.17891 11314.19282 11494.57992 12720.18777 13278.76523 13569.51820 14010.58077 14852.97505 15127.81774 15412.62130 16531.78973 17156.38894 17561.36536 17995.19479 19283.26100 19643.51223 19911.45963 20282.12029 22214.96856 22291.90499 24133.29075 24577.90278 24915.09487 26289.15605 27853.28970 28359.40461 29175.29445 31224.21042 31993.77667 33619.95703 36984.33394 38520.19640 43868.57071 45729.98796 50139.46441 140728.5086
