    unsorted:	 685.2192118 685.3675791 683.3756402 687.5963586 690.3616594 663.8330394 665.9332938 672.7217070 601.8143075 621.8767263 579.9375894 590.2337230 554.3684216 520.6547589 891.8776779 887.9967570 860.4890195 834.3095032 941.7341460 968.1251030 976.0413429 457.4793434 435.4082145 406.8374715 1036.676066 1054.786380 356.3809486 333.4998108 164.9542911 275.5520356 241.8936650 189.5852309 178.2989881 153.7224200 132.6363595 129.0964142 122.3144067 78.05358690 83.02266402 79.25986632 106.1866906 63.99959090 47.75780830 43.57712066 36.53153241 17.94159958 3.583667577 1155.713984 1256.127890 1269.328925 1303.265645 1371.343388 1406.048756 1507.658592 1530.509021 1630.558024 1681.396348 1710.269010 1734.198906 1829.935942 1895.909365 2025.285806 2055.793796 2141.337453 2179.535561 2240.435630 2349.601073 2294.559148 2376.258625 2407.078630 2497.274091 2562.563284 2630.204435 2652.223321 2751.104363 2798.285061 2868.866688 2981.207234 3018.950315 3119.766372 3288.306346 3371.477052 3422.510768 3465.494666 3478.936917 3499.462243 3543.284159 3635.610397 3760.375889 3851.448677 3959.789388 4055.949618 4132.408854 4348.473997 4625.475022 4798.795081 5361.202957 5564.353270 5783.034684 5974.622735 6247.139842 6515.166116 6638.714665 7146.147180 7469.115190 7544.912360 8160.808191 8475.996435 8654.023658 9369.749013 9448.154171 9585.623497 10240.78942 10391.98484 11366.52590 11574.63359 12889.03728 13088.64654 13515.47062 14289.76929 15033.55827 15150.41770 15722.66569 17056.03261 17455.66439 17981.31397 18293.61905 19358.96332 20084.67310 20439.49163 20700.67523 21710.03331 22882.53624 24327.93070 24964.84412 25466.15231 26371.31622 28027.74846 28829.28351 31190.75367 32228.11810 33642.43587 37302.24426 38475.73055 44132.12965 46309.90038 50004.14208 144805.1355
      sorted:	 3.583667577 17.94159958 36.53153241 43.57712066 47.75780830 63.99959090 78.05358690 79.25986632 83.02266402 106.1866906 122.3144067 129.0964142 132.6363595 153.7224200 164.9542911 178.2989881 189.5852309 241.8936650 275.5520356 333.4998108 356.3809486 406.8374715 435.4082145 457.4793434 520.6547589 554.3684216 579.9375894 590.2337230 601.8143075 621.8767263 663.8330394 665.9332938 672.7217070 683.3756402 685.2192118 685.3675791 687.5963586 690.3616594 834.3095032 860.4890195 887.9967570 891.8776779 941.7341460 968.1251030 976.0413429 1036.676066 1054.786380 1155.713984 1256.127890 1269.328925 1303.265645 1371.343388 1406.048756 1507.658592 1530.509021 1630.558024 1681.396348 1710.269010 1734.198906 1829.935942 1895.909365 2025.285806 2055.793796 2141.337453 2179.535561 2240.435630 2294.559148 2349.601073 2376.258625 2407.078630 2497.274091 2562.563284 2630.204435 2652.223321 2751.104363 2798.285061 2868.866688 2981.207234 3018.950315 3119.766372 3288.306346 3371.477052 3422.510768 3465.494666 3478.936917 3499.462243 3543.284159 3635.610397 3760.375889 3851.448677 3959.789388 4055.949618 4132.408854 4348.473997 4625.475022 4798.795081 5361.202957 5564.353270 5783.034684 5974.622735 6247.139842 6515.166116 6638.714665 7146.147180 7469.115190 7544.912360 8160.808191 8475.996435 8654.023658 9369.749013 9448.154171 9585.623497 10240.78942 10391.98484 11366.52590 11574.63359 12889.03728 13088.64654 13515.47062 14289.76929 15033.55827 15150.41770 15722.66569 17056.03261 17455.66439 17981.31397 18293.61905 19358.96332 20084.67310 20439.49163 20700.67523 21710.03331 22882.53624 24327.93070 24964.84412 25466.15231 26371.31622 28027.74846 28829.28351 31190.75367 32228.11810 33642.43587 37302.24426 38475.73055 44132.12965 46309.90038 50004.14208 144805.1355
