    unsorted:	 685.2183700 685.3640348 683.3728296 687.5943555 690.3608378 663.8330732 665.9324101 672.6508414 603.8466032 621.8767050 580.0410622 590.2334176 554.3777932 520.6453278 893.5797867 860.4877021 887.9583607 833.4915987 941.6873685 968.1184008 976.0175933 455.2246046 434.9617859 406.6686512 1036.604639 1054.752359 356.2897885 333.4301711 164.5517764 275.5567957 130.7849150 129.3941502 132.8987875 125.9110480 153.7134223 178.3148465 189.6373514 241.4701217 104.6399641 78.09405087 83.02231898 65.36347672 48.15203276 43.59315244 36.69175119 17.94234001 3.583665922 1155.580919 1255.615628 1269.327284 1303.249590 1371.343100 1405.987796 1507.650710 1530.372808 1630.466829 1681.381645 1710.214110 1734.139077 1829.747094 1895.804474 2025.217284 2055.788074 2140.850284 2178.935338 2240.435360 2356.053135 2294.549859 2376.239155 2407.017976 2496.945903 2561.600371 2630.198442 2652.073082 2751.065826 2798.265508 2868.831951 2981.205391 3018.317789 3119.691126 3287.210399 3371.205003 3422.302830 3465.419737 3478.913475 3499.431353 3542.668273 3635.223813 3760.187602 3850.685374 3959.777197 4055.213092 4132.408547 4348.432369 4623.465232 4798.782094 5356.623046 5563.222659 5782.250775 5974.035744 6246.762883 6514.876640 6637.854916 7146.128950 7466.143244 7544.636319 8158.544175 8469.785863 8653.663188 9367.882062 9446.019894 9580.811087 10239.99641 10391.75275 11357.75459 11572.68425 12876.81139 13061.69448 13515.44341 14287.78918 15033.33383 15147.69554 15722.26457 17050.73997 17433.63369 17979.12393 18291.30772 19357.21760 20082.52407 20432.17658 20696.56587 21699.26678 22881.12893 24237.61368 24951.09335 25463.10284 26364.04504 28005.42475 28819.28893 31188.87497 32227.09695 33641.96833 37298.98892 38474.58285 44127.73378 46308.88346 49969.67471 144805.1355
      sorted:	 3.583665922 17.94234001 36.69175119 43.59315244 48.15203276 65.36347672 78.09405087 83.02231898 104.6399641 125.9110480 129.3941502 130.7849150 132.8987875 153.7134223 164.5517764 178.3148465 189.6373514 241.4701217 275.5567957 333.4301711 356.2897885 406.6686512 434.9617859 455.2246046 520.6453278 554.3777932 580.0410622 590.2334176 603.8466032 621.8767050 663.8330732 665.9324101 672.6508414 683.3728296 685.2183700 685.3640348 687.5943555 690.3608378 833.4915987 860.4877021 887.9583607 893.5797867 941.6873685 968.1184008 976.0175933 1036.604639 1054.752359 1155.580919 1255.615628 1269.327284 1303.249590 1371.343100 1405.987796 1507.650710 1530.372808 1630.466829 1681.381645 1710.214110 1734.139077 1829.747094 1895.804474 2025.217284 2055.788074 2140.850284 2178.935338 2240.435360 2294.549859 2356.053135 2376.239155 2407.017976 2496.945903 2561.600371 2630.198442 2652.073082 2751.065826 2798.265508 2868.831951 2981.205391 3018.317789 3119.691126 3287.210399 3371.205003 3422.302830 3465.419737 3478.913475 3499.431353 3542.668273 3635.223813 3760.187602 3850.685374 3959.777197 4055.213092 4132.408547 4348.432369 4623.465232 4798.782094 5356.623046 5563.222659 5782.250775 5974.035744 6246.762883 6514.876640 6637.854916 7146.128950 7466.143244 7544.636319 8158.544175 8469.785863 8653.663188 9367.882062 9446.019894 9580.811087 10239.99641 10391.75275 11357.75459 11572.68425 12876.81139 13061.69448 13515.44341 14287.78918 15033.33383 15147.69554 15722.26457 17050.73997 17433.63369 17979.12393 18291.30772 19357.21760 20082.52407 20432.17658 20696.56587 21699.26678 22881.12893 24237.61368 24951.09335 25463.10284 26364.04504 28005.42475 28819.28893 31188.87497 32227.09695 33641.96833 37298.98892 38474.58285 44127.73378 46308.88346 49969.67471 144805.1355
