    unsorted:	 711.2397807 709.3648720 706.7891292 696.4618467 683.2313894 686.0503670 668.0517838 739.4849905 756.8371859 584.5879252 636.7229037 579.1091138 565.2610850 775.7361296 531.3781586 519.3081163 493.8940208 476.6570687 832.4001026 903.8402322 863.7569189 922.3153730 440.6054001 410.8141542 379.3909741 329.2901215 322.5131952 1022.034762 275.1111656 1093.904346 1133.190669 1145.211297 171.6147714 171.8256307 165.0777205 220.9691811 1200.580520 1220.462542 1272.246674 92.79665781 73.04123597 56.72763759 50.25233311 37.57996254 22.06957243 17.73630975 14.80974362 -22.40113393 1330.075655 1491.596680 1514.361557 1587.795140 1634.360012 1683.303301 1740.309577 1836.209124 1854.400834 1906.493495 1934.364000 2113.886149 2144.075139 2393.836958 2374.595784 2427.818990 2484.396904 2525.402425 2565.046811 2697.907225 2698.144957 2777.624849 3021.848645 3108.067730 3221.186972 3337.038877 3327.505717 3348.652024 3560.520468 3585.451650 3691.429528 3759.404462 3769.426325 3862.364704 3893.357777 4081.825386 4302.911218 4409.349128 4503.986845 4599.788195 4846.117614 4896.846579 4987.217277 5150.958939 5358.976340 5918.744379 6063.952470 6171.832018 6401.000815 7420.815049 7704.971491 7784.367867 8161.969707 8464.692594 8826.766982 9460.233046 9614.955593 10112.81593 10662.06393 11210.24217 11308.60071 11635.70034 11904.51534 11970.68771 12813.16922 13135.08508 13476.45005 13907.81692 14384.45696 14950.86463 15625.01719 16653.72149 16767.38394 17397.31055 18137.66643 19830.20465 20422.58271 20332.80348 20940.72365 21846.67318 22282.80476 23279.10445 24023.08384 24738.15089 26144.76884 27027.38184 27834.78394 29722.39727 30212.48571 33100.63913 36874.96737 38789.62783 41717.42347 45964.56918 55929.40188 144618.7143 -0.000000000 -0.000000000
      sorted:	 -22.40113393 -0.000000000 -0.000000000 14.80974362 17.73630975 22.06957243 37.57996254 50.25233311 56.72763759 73.04123597 92.79665781 165.0777205 171.6147714 171.8256307 220.9691811 275.1111656 322.5131952 329.2901215 379.3909741 410.8141542 440.6054001 476.6570687 493.8940208 519.3081163 531.3781586 565.2610850 579.1091138 584.5879252 636.7229037 668.0517838 683.2313894 686.0503670 696.4618467 706.7891292 709.3648720 711.2397807 739.4849905 756.8371859 775.7361296 832.4001026 863.7569189 903.8402322 922.3153730 1022.034762 1093.904346 1133.190669 1145.211297 1200.580520 1220.462542 1272.246674 1330.075655 1491.596680 1514.361557 1587.795140 1634.360012 1683.303301 1740.309577 1836.209124 1854.400834 1906.493495 1934.364000 2113.886149 2144.075139 2374.595784 2393.836958 2427.818990 2484.396904 2525.402425 2565.046811 2697.907225 2698.144957 2777.624849 3021.848645 3108.067730 3221.186972 3327.505717 3337.038877 3348.652024 3560.520468 3585.451650 3691.429528 3759.404462 3769.426325 3862.364704 3893.357777 4081.825386 4302.911218 4409.349128 4503.986845 4599.788195 4846.117614 4896.846579 4987.217277 5150.958939 5358.976340 5918.744379 6063.952470 6171.832018 6401.000815 7420.815049 7704.971491 7784.367867 8161.969707 8464.692594 8826.766982 9460.233046 9614.955593 10112.81593 10662.06393 11210.24217 11308.60071 11635.70034 11904.51534 11970.68771 12813.16922 13135.08508 13476.45005 13907.81692 14384.45696 14950.86463 15625.01719 16653.72149 16767.38394 17397.31055 18137.66643 19830.20465 20332.80348 20422.58271 20940.72365 21846.67318 22282.80476 23279.10445 24023.08384 24738.15089 26144.76884 27027.38184 27834.78394 29722.39727 30212.48571 33100.63913 36874.96737 38789.62783 41717.42347 45964.56918 55929.40188 144618.7143
