    unsorted:	 685.2191829 685.3674355 683.3755248 687.5963981 690.3616422 663.8330430 665.9332538 672.7191340 602.7095921 621.8767245 580.1589345 590.2337159 554.3688408 520.6545804 891.8972594 887.9953438 860.4889586 834.2786036 941.7324303 968.1248985 976.0405373 457.3682562 435.3891189 406.8301242 1036.673353 1054.785009 356.3767678 333.4969698 164.9265361 275.5385586 241.8221110 189.5822904 178.2895904 153.7215308 132.6827369 129.2967967 122.3849943 77.98445178 83.02268124 79.26841203 106.2894838 64.01428212 47.76418068 43.57740698 36.53454320 17.94161465 3.583666440 1155.709048 1256.083058 1269.328882 1303.264846 1371.343373 1406.046573 1507.658295 1530.504100 1630.554710 1681.395848 1710.266953 1734.196736 1829.929160 1895.905591 2025.283364 2055.793618 2141.319604 2179.513082 2240.435742 2350.230950 2294.558859 2376.257864 2407.076479 2497.261844 2562.527045 2630.204217 2652.217953 2751.102979 2798.284322 2868.865293 2981.207180 3018.927712 3119.763529 3288.267259 3371.467127 3422.503128 3465.491954 3478.936053 3499.461143 3543.261953 3635.596623 3760.369079 3851.421002 3959.788934 4055.922777 4132.408896 4348.472526 4625.403108 4798.794668 5361.038728 5564.311793 5783.006510 5974.601278 6247.126446 6515.155764 6638.683221 7146.146727 7469.008923 7544.902237 8160.727972 8475.772853 8654.010641 9369.684428 9448.078250 9585.445125 10240.76077 10391.97654 11366.21518 11574.56121 12888.64840 13087.60522 13515.46957 14289.69573 15033.55015 15150.31776 15722.65099 17055.84991 17454.85611 17981.23193 18293.53261 19358.90015 20084.59730 20439.22915 20700.52301 21709.64353 22882.48715 24324.65482 24964.26994 25466.02897 26371.03424 28026.89825 28828.89172 31190.68223 32228.07962 33642.41838 37302.12212 38475.68728 44131.96648 46309.86237 50002.85502 144805.1356
      sorted:	 3.583666440 17.94161465 36.53454320 43.57740698 47.76418068 64.01428212 77.98445178 79.26841203 83.02268124 106.2894838 122.3849943 129.2967967 132.6827369 153.7215308 164.9265361 178.2895904 189.5822904 241.8221110 275.5385586 333.4969698 356.3767678 406.8301242 435.3891189 457.3682562 520.6545804 554.3688408 580.1589345 590.2337159 602.7095921 621.8767245 663.8330430 665.9332538 672.7191340 683.3755248 685.2191829 685.3674355 687.5963981 690.3616422 834.2786036 860.4889586 887.9953438 891.8972594 941.7324303 968.1248985 976.0405373 1036.673353 1054.785009 1155.709048 1256.083058 1269.328882 1303.264846 1371.343373 1406.046573 1507.658295 1530.504100 1630.554710 1681.395848 1710.266953 1734.196736 1829.929160 1895.905591 2025.283364 2055.793618 2141.319604 2179.513082 2240.435742 2294.558859 2350.230950 2376.257864 2407.076479 2497.261844 2562.527045 2630.204217 2652.217953 2751.102979 2798.284322 2868.865293 2981.207180 3018.927712 3119.763529 3288.267259 3371.467127 3422.503128 3465.491954 3478.936053 3499.461143 3543.261953 3635.596623 3760.369079 3851.421002 3959.788934 4055.922777 4132.408896 4348.472526 4625.403108 4798.794668 5361.038728 5564.311793 5783.006510 5974.601278 6247.126446 6515.155764 6638.683221 7146.146727 7469.008923 7544.902237 8160.727972 8475.772853 8654.010641 9369.684428 9448.078250 9585.445125 10240.76077 10391.97654 11366.21518 11574.56121 12888.64840 13087.60522 13515.46957 14289.69573 15033.55015 15150.31776 15722.65099 17055.84991 17454.85611 17981.23193 18293.53261 19358.90015 20084.59730 20439.22915 20700.52301 21709.64353 22882.48715 24324.65482 24964.26994 25466.02897 26371.03424 28026.89825 28828.89172 31190.68223 32228.07962 33642.41838 37302.12212 38475.68728 44131.96648 46309.86237 50002.85502 144805.1356
