    unsorted:	 685.2182847 685.3637094 683.3725697 687.5941210 690.3607449 663.8330429 665.9323300 672.6442557 601.2547299 621.8767280 580.3015475 590.2333103 554.3788104 520.6447821 892.8841570 860.4876563 887.9549666 833.4168746 941.6832731 968.1177151 976.0155872 454.9866372 434.9082210 406.6494779 1036.598248 1054.749334 356.2798395 333.4229377 165.5324033 129.7116632 129.7783623 129.6682541 132.8463340 153.7112767 178.3032283 189.6374537 275.5402327 241.3547654 105.5176651 78.05154770 83.02238964 65.40161225 48.16842471 43.59379919 36.69925227 17.94238492 3.583669008 1155.568840 1256.714592 1269.327135 1303.247649 1371.343074 1405.982493 1507.649927 1530.360514 1630.458544 1681.380371 1710.208963 1734.133641 1829.730105 1895.794891 2025.211284 2055.787563 2140.804801 2178.881052 2240.435341 2348.109307 2294.549054 2376.237246 2407.012815 2496.914883 2561.511539 2630.197902 2652.060041 2751.062407 2798.263878 2868.828695 2981.205245 3018.260982 3119.684011 3287.111390 3371.180513 3422.283991 3465.412942 3478.911312 3499.428500 3542.613127 3635.189762 3760.170576 3850.617240 3959.776092 4055.147169 4132.408588 4348.428497 4623.285587 4798.780994 5356.210708 5563.123380 5782.182012 5973.983095 6246.729877 6514.850690 6637.777432 7146.127371 7465.873424 7544.612502 8158.336077 8469.229800 8653.632173 9367.706717 9445.827080 9580.391142 10239.92518 10391.73215 11356.95222 11572.51347 12875.55591 13059.47476 13515.44121 14287.61747 15033.31307 15147.45673 15722.22869 17050.24159 17431.69742 17978.93732 18291.10937 19357.06212 20082.32878 20431.51499 20696.20890 21698.30245 22880.99908 24229.59900 24950.04919 25462.86330 26363.44384 28003.53619 28818.47255 31188.71726 32227.00997 33641.92820 37298.70703 38474.48366 44127.35133 46308.79327 49966.69952 144805.1355
      sorted:	 3.583669008 17.94238492 36.69925227 43.59379919 48.16842471 65.40161225 78.05154770 83.02238964 105.5176651 129.6682541 129.7116632 129.7783623 132.8463340 153.7112767 165.5324033 178.3032283 189.6374537 241.3547654 275.5402327 333.4229377 356.2798395 406.6494779 434.9082210 454.9866372 520.6447821 554.3788104 580.3015475 590.2333103 601.2547299 621.8767280 663.8330429 665.9323300 672.6442557 683.3725697 685.2182847 685.3637094 687.5941210 690.3607449 833.4168746 860.4876563 887.9549666 892.8841570 941.6832731 968.1177151 976.0155872 1036.598248 1054.749334 1155.568840 1256.714592 1269.327135 1303.247649 1371.343074 1405.982493 1507.649927 1530.360514 1630.458544 1681.380371 1710.208963 1734.133641 1829.730105 1895.794891 2025.211284 2055.787563 2140.804801 2178.881052 2240.435341 2294.549054 2348.109307 2376.237246 2407.012815 2496.914883 2561.511539 2630.197902 2652.060041 2751.062407 2798.263878 2868.828695 2981.205245 3018.260982 3119.684011 3287.111390 3371.180513 3422.283991 3465.412942 3478.911312 3499.428500 3542.613127 3635.189762 3760.170576 3850.617240 3959.776092 4055.147169 4132.408588 4348.428497 4623.285587 4798.780994 5356.210708 5563.123380 5782.182012 5973.983095 6246.729877 6514.850690 6637.777432 7146.127371 7465.873424 7544.612502 8158.336077 8469.229800 8653.632173 9367.706717 9445.827080 9580.391142 10239.92518 10391.73215 11356.95222 11572.51347 12875.55591 13059.47476 13515.44121 14287.61747 15033.31307 15147.45673 15722.22869 17050.24159 17431.69742 17978.93732 18291.10937 19357.06212 20082.32878 20431.51499 20696.20890 21698.30245 22880.99908 24229.59900 24950.04919 25462.86330 26363.44384 28003.53619 28818.47255 31188.71726 32227.00997 33641.92820 37298.70703 38474.48366 44127.35133 46308.79327 49966.69952 144805.1355
