    unsorted:	 685.2182907 685.3637092 683.3725676 687.5942898 690.3607611 663.8330542 665.9323253 672.6447194 602.2520586 621.8767180 580.0706246 590.2333369 554.3790013 520.6448410 891.8975137 887.9550435 860.4876205 833.4169599 941.6834080 968.1178046 976.0158988 454.9866481 434.9082520 406.6494859 1036.598385 1054.749342 356.2798461 333.4229247 164.7845997 129.7116634 129.7783624 129.6682541 132.8463783 153.7113781 178.3032459 189.6376523 275.5402399 241.3547372 105.5175878 78.01680882 83.02235364 65.40144367 48.16819128 43.59378854 36.69914974 17.94238536 3.583663642 1155.568986 1255.838413 1269.327242 1303.248031 1371.343166 1405.982469 1507.649980 1530.360551 1630.458671 1681.380503 1710.209280 1734.133821 1829.730195 1895.794942 2025.211375 2055.787654 2140.804671 2178.881039 2240.435372 2348.480263 2294.549136 2376.237310 2407.012669 2496.914867 2561.511534 2630.197982 2652.060047 2751.062498 2798.263865 2868.829010 2981.205332 3018.261187 3119.684146 3287.111745 3371.180582 3422.284076 3465.413067 3478.911413 3499.428555 3542.613337 3635.189879 3760.170567 3850.617260 3959.776097 4055.147171 4132.408605 4348.428508 4623.285396 4798.781045 5356.210536 5563.123779 5782.182118 5973.983272 6246.729915 6514.850799 6637.777420 7146.128008 7465.873390 7544.612723 8158.336770 8469.229854 8653.632122 9367.706677 9445.826828 9580.390831 10239.92517 10391.73245 11356.95260 11572.51457 12875.55638 13059.47532 13515.44119 14287.61793 15033.31362 15147.45674 15722.22948 17050.24222 17431.69845 17978.93807 18291.10968 19357.06216 20082.32857 20431.51573 20696.20923 21698.30298 22880.99978 24229.59897 24950.04992 25462.86430 26363.44489 28003.53708 28818.47361 31188.71721 32227.00931 33641.92882 37298.70696 38474.48426 44127.35160 46308.79591 49966.69828 144805.1356
      sorted:	 3.583663642 17.94238536 36.69914974 43.59378854 48.16819128 65.40144367 78.01680882 83.02235364 105.5175878 129.6682541 129.7116634 129.7783624 132.8463783 153.7113781 164.7845997 178.3032459 189.6376523 241.3547372 275.5402399 333.4229247 356.2798461 406.6494859 434.9082520 454.9866481 520.6448410 554.3790013 580.0706246 590.2333369 602.2520586 621.8767180 663.8330542 665.9323253 672.6447194 683.3725676 685.2182907 685.3637092 687.5942898 690.3607611 833.4169599 860.4876205 887.9550435 891.8975137 941.6834080 968.1178046 976.0158988 1036.598385 1054.749342 1155.568986 1255.838413 1269.327242 1303.248031 1371.343166 1405.982469 1507.649980 1530.360551 1630.458671 1681.380503 1710.209280 1734.133821 1829.730195 1895.794942 2025.211375 2055.787654 2140.804671 2178.881039 2240.435372 2294.549136 2348.480263 2376.237310 2407.012669 2496.914867 2561.511534 2630.197982 2652.060047 2751.062498 2798.263865 2868.829010 2981.205332 3018.261187 3119.684146 3287.111745 3371.180582 3422.284076 3465.413067 3478.911413 3499.428555 3542.613337 3635.189879 3760.170567 3850.617260 3959.776097 4055.147171 4132.408605 4348.428508 4623.285396 4798.781045 5356.210536 5563.123779 5782.182118 5973.983272 6246.729915 6514.850799 6637.777420 7146.128008 7465.873390 7544.612723 8158.336770 8469.229854 8653.632122 9367.706677 9445.826828 9580.390831 10239.92517 10391.73245 11356.95260 11572.51457 12875.55638 13059.47532 13515.44119 14287.61793 15033.31362 15147.45674 15722.22948 17050.24222 17431.69845 17978.93807 18291.10968 19357.06216 20082.32857 20431.51573 20696.20923 21698.30298 22880.99978 24229.59897 24950.04992 25462.86430 26363.44489 28003.53708 28818.47361 31188.71721 32227.00931 33641.92882 37298.70696 38474.48426 44127.35160 46308.79591 49966.69828 144805.1356
