    unsorted:	 685.2184209 685.3642868 683.3730369 687.5943883 690.3608555 663.8330369 665.9324950 672.6550333 602.4784743 621.8767253 579.7429255 590.2333508 554.3784020 520.6454901 891.7714769 887.9603912 860.4878955 833.5400325 941.6901347 968.1186094 976.0189197 455.4461068 435.0085993 406.6847298 1036.608761 1054.754486 356.2990204 333.4351778 164.7912088 130.8564390 130.4962784 129.8684912 132.9843661 153.7167399 178.3638365 189.6622698 275.6223308 241.7583581 78.07386664 83.02232798 105.3384347 65.36957205 48.15241275 43.59314903 36.69144116 17.94233714 3.583668266 1155.588452 1256.042064 1269.327375 1303.250866 1371.343154 1405.991120 1507.651209 1530.380278 1630.471888 1681.382299 1710.217551 1734.142470 1829.757343 1895.810026 2025.221273 2055.788379 2140.878670 2178.969358 2240.435223 2345.935067 2294.550290 2376.240395 2407.021258 2496.965381 2561.655728 2630.198800 2652.080745 2751.067930 2798.266628 2868.833756 2981.205558 3018.351905 3119.695638 3287.269685 3371.219829 3422.314362 3465.423880 3478.914849 3499.433084 3542.701385 3635.243961 3760.197928 3850.726713 3959.777991 4055.253288 4132.408547 4348.434707 4623.572607 4798.782778 5356.870637 5563.282259 5782.291698 5974.067097 6246.782827 6514.892329 6637.901887 7146.129942 7466.304958 7544.650761 8158.668848 8470.117545 8653.681750 9367.986171 9446.134434 9581.065256 10240.03858 10391.76539 11358.23282 11572.78716 12877.54950 13063.03889 13515.44464 14287.89249 15033.34603 15147.83814 15722.28595 17051.03618 17434.79217 17979.23617 18291.42766 19357.31022 20082.64108 20432.57159 20696.77996 21699.84302 22881.20694 24242.40176 24951.73060 25463.24858 26364.40782 28006.56308 28819.78214 31188.97067 32227.14929 33641.99215 37299.15657 38474.64268 44127.96110 46308.93618 49971.45596 144805.1355
      sorted:	 3.583668266 17.94233714 36.69144116 43.59314903 48.15241275 65.36957205 78.07386664 83.02232798 105.3384347 129.8684912 130.4962784 130.8564390 132.9843661 153.7167399 164.7912088 178.3638365 189.6622698 241.7583581 275.6223308 333.4351778 356.2990204 406.6847298 435.0085993 455.4461068 520.6454901 554.3784020 579.7429255 590.2333508 602.4784743 621.8767253 663.8330369 665.9324950 672.6550333 683.3730369 685.2184209 685.3642868 687.5943883 690.3608555 833.5400325 860.4878955 887.9603912 891.7714769 941.6901347 968.1186094 976.0189197 1036.608761 1054.754486 1155.588452 1256.042064 1269.327375 1303.250866 1371.343154 1405.991120 1507.651209 1530.380278 1630.471888 1681.382299 1710.217551 1734.142470 1829.757343 1895.810026 2025.221273 2055.788379 2140.878670 2178.969358 2240.435223 2294.550290 2345.935067 2376.240395 2407.021258 2496.965381 2561.655728 2630.198800 2652.080745 2751.067930 2798.266628 2868.833756 2981.205558 3018.351905 3119.695638 3287.269685 3371.219829 3422.314362 3465.423880 3478.914849 3499.433084 3542.701385 3635.243961 3760.197928 3850.726713 3959.777991 4055.253288 4132.408547 4348.434707 4623.572607 4798.782778 5356.870637 5563.282259 5782.291698 5974.067097 6246.782827 6514.892329 6637.901887 7146.129942 7466.304958 7544.650761 8158.668848 8470.117545 8653.681750 9367.986171 9446.134434 9581.065256 10240.03858 10391.76539 11358.23282 11572.78716 12877.54950 13063.03889 13515.44464 14287.89249 15033.34603 15147.83814 15722.28595 17051.03618 17434.79217 17979.23617 18291.42766 19357.31022 20082.64108 20432.57159 20696.77996 21699.84302 22881.20694 24242.40176 24951.73060 25463.24858 26364.40782 28006.56308 28819.78214 31188.97067 32227.14929 33641.99215 37299.15657 38474.64268 44127.96110 46308.93618 49971.45596 144805.1355
