    unsorted:	 685.2183306 685.3638800 683.3727060 687.5943342 690.3607963 663.8330544 665.9323718 672.6477434 602.6917804 621.8767103 580.0215152 590.2333486 554.3787259 520.6449929 890.7278650 887.9565862 860.4876915 833.4531196 941.6852469 968.1180592 976.0165697 455.1242628 434.9388455 406.6601600 1036.601309 1054.750786 356.2856378 333.4265900 164.7241358 130.1517466 130.0093241 129.8561345 132.8965425 153.7131342 178.3231725 189.6460715 275.5665707 241.4832649 78.26708134 83.02234669 105.5090779 65.39317572 48.16393162 43.59361229 36.69703902 17.94236796 3.583664749 1155.574671 1254.104870 1269.327200 1303.248919 1371.343199 1405.985010 1507.650364 1530.366440 1630.462563 1681.381364 1710.211636 1734.136316 1829.738162 1895.799347 2025.214162 2055.787854 2140.826631 2178.907055 2240.435413 2352.784888 2294.549468 2376.238297 2407.015353 2496.929869 2561.554177 2630.198238 2652.066187 2751.064016 2798.265013 2868.830292 2981.205340 3018.287794 3119.687523 3287.158256 3371.192070 3422.292998 3465.416254 3478.912411 3499.429858 3542.639273 3635.205785 3760.178652 3850.649437 3959.776635 4055.178671 4132.408635 4348.430459 4623.369926 4798.781548 5356.405047 5563.170399 5782.214346 5974.008169 6246.745417 6514.863161 6637.814009 7146.128380 7466.000639 7544.623804 8158.434503 8469.490754 8653.646738 9367.788965 9445.917571 9580.588776 10239.95867 10391.74229 11357.32974 11572.59422 12876.14992 13060.51432 13515.44211 14287.69852 15033.32290 15147.56874 15722.24567 17050.47631 17432.60563 17979.02484 18291.20243 19357.13544 20082.42060 20431.82640 20696.37604 21698.75577 22881.06045 24233.35903 24950.53658 25462.97553 26363.72534 28004.42156 28818.85449 31188.79100 32227.04984 33641.94697 37298.83827 38474.53039 44127.52901 46308.83449 49968.09198 144805.1356
      sorted:	 3.583664749 17.94236796 36.69703902 43.59361229 48.16393162 65.39317572 78.26708134 83.02234669 105.5090779 129.8561345 130.0093241 130.1517466 132.8965425 153.7131342 164.7241358 178.3231725 189.6460715 241.4832649 275.5665707 333.4265900 356.2856378 406.6601600 434.9388455 455.1242628 520.6449929 554.3787259 580.0215152 590.2333486 602.6917804 621.8767103 663.8330544 665.9323718 672.6477434 683.3727060 685.2183306 685.3638800 687.5943342 690.3607963 833.4531196 860.4876915 887.9565862 890.7278650 941.6852469 968.1180592 976.0165697 1036.601309 1054.750786 1155.574671 1254.104870 1269.327200 1303.248919 1371.343199 1405.985010 1507.650364 1530.366440 1630.462563 1681.381364 1710.211636 1734.136316 1829.738162 1895.799347 2025.214162 2055.787854 2140.826631 2178.907055 2240.435413 2294.549468 2352.784888 2376.238297 2407.015353 2496.929869 2561.554177 2630.198238 2652.066187 2751.064016 2798.265013 2868.830292 2981.205340 3018.287794 3119.687523 3287.158256 3371.192070 3422.292998 3465.416254 3478.912411 3499.429858 3542.639273 3635.205785 3760.178652 3850.649437 3959.776635 4055.178671 4132.408635 4348.430459 4623.369926 4798.781548 5356.405047 5563.170399 5782.214346 5974.008169 6246.745417 6514.863161 6637.814009 7146.128380 7466.000639 7544.623804 8158.434503 8469.490754 8653.646738 9367.788965 9445.917571 9580.588776 10239.95867 10391.74229 11357.32974 11572.59422 12876.14992 13060.51432 13515.44211 14287.69852 15033.32290 15147.56874 15722.24567 17050.47631 17432.60563 17979.02484 18291.20243 19357.13544 20082.42060 20431.82640 20696.37604 21698.75577 22881.06045 24233.35903 24950.53658 25462.97553 26363.72534 28004.42156 28818.85449 31188.79100 32227.04984 33641.94697 37298.83827 38474.53039 44127.52901 46308.83449 49968.09198 144805.1356
