    unsorted:	 640.0242767 638.2687824 643.7181323 646.5230463 664.7575398 667.1730936 684.9239773 683.9902794 690.0627773 688.0272621 624.0162038 593.4556890 763.8004741 535.5287093 915.8560775 868.2963494 882.4038513 837.1921580 975.4564824 956.4140333 999.2022835 480.1005611 446.0962550 419.5553616 404.4861457 1045.486232 329.8229204 305.6098535 196.4208792 266.4195272 233.5008133 182.5165780 179.4261700 143.0243274 108.5283926 117.0711304 123.4775752 128.7302976 100.1555659 85.59094169 73.60626012 61.27360244 50.46596968 42.61992779 17.90253926 3.729732571 1.516303852 1167.095196 1351.241972 1291.134535 1278.177898 1408.024606 1416.061815 1481.548913 1573.513355 1636.835378 1659.701594 1688.551718 1720.435245 1808.514961 1891.501724 2005.150255 2074.066457 2129.873237 2173.300161 2195.889969 2237.423594 2291.030021 2450.003070 2390.530096 2455.908793 2540.008515 2592.173251 2618.762099 2776.213841 2760.217950 2828.507830 2904.465990 2940.907408 3100.396178 3158.115079 3199.938167 3290.514848 3362.952093 3377.190393 3407.807506 3428.864399 3506.127388 3545.892416 3691.422752 3808.985775 3859.739691 3976.179398 4051.921973 4097.168426 4566.486452 4648.384762 5191.191038 5344.172336 5674.919733 5794.818922 6087.277278 6384.698696 6543.224684 7072.340741 7168.884719 7565.759127 7931.721957 8044.222698 8604.639313 9022.103241 9460.480628 9573.167967 9792.061958 10189.49701 10307.87789 11319.87447 11499.56520 12720.63994 13277.42633 13572.26703 14012.32565 14854.35672 15127.60046 15411.59808 16545.71947 17161.25222 17566.54351 17997.80292 19292.46577 19654.19589 19911.55119 20281.76328 22215.33433 22303.76400 24141.28109 24581.60971 24917.93463 26310.76451 27872.16561 28369.49173 29214.94260 31229.51748 31993.82933 33621.71370 36985.08240 38519.89859 43869.73875 45738.38979 50143.65559 140729.5337
      sorted:	 1.516303852 3.729732571 17.90253926 42.61992779 50.46596968 61.27360244 73.60626012 85.59094169 100.1555659 108.5283926 117.0711304 123.4775752 128.7302976 143.0243274 179.4261700 182.5165780 196.4208792 233.5008133 266.4195272 305.6098535 329.8229204 404.4861457 419.5553616 446.0962550 480.1005611 535.5287093 593.4556890 624.0162038 638.2687824 640.0242767 643.7181323 646.5230463 664.7575398 667.1730936 683.9902794 684.9239773 688.0272621 690.0627773 763.8004741 837.1921580 868.2963494 882.4038513 915.8560775 956.4140333 975.4564824 999.2022835 1045.486232 1167.095196 1278.177898 1291.134535 1351.241972 1408.024606 1416.061815 1481.548913 1573.513355 1636.835378 1659.701594 1688.551718 1720.435245 1808.514961 1891.501724 2005.150255 2074.066457 2129.873237 2173.300161 2195.889969 2237.423594 2291.030021 2390.530096 2450.003070 2455.908793 2540.008515 2592.173251 2618.762099 2760.217950 2776.213841 2828.507830 2904.465990 2940.907408 3100.396178 3158.115079 3199.938167 3290.514848 3362.952093 3377.190393 3407.807506 3428.864399 3506.127388 3545.892416 3691.422752 3808.985775 3859.739691 3976.179398 4051.921973 4097.168426 4566.486452 4648.384762 5191.191038 5344.172336 5674.919733 5794.818922 6087.277278 6384.698696 6543.224684 7072.340741 7168.884719 7565.759127 7931.721957 8044.222698 8604.639313 9022.103241 9460.480628 9573.167967 9792.061958 10189.49701 10307.87789 11319.87447 11499.56520 12720.63994 13277.42633 13572.26703 14012.32565 14854.35672 15127.60046 15411.59808 16545.71947 17161.25222 17566.54351 17997.80292 19292.46577 19654.19589 19911.55119 20281.76328 22215.33433 22303.76400 24141.28109 24581.60971 24917.93463 26310.76451 27872.16561 28369.49173 29214.94260 31229.51748 31993.82933 33621.71370 36985.08240 38519.89859 43869.73875 45738.38979 50143.65559 140729.5337
