    unsorted:	 690.2202498 688.7508750 684.4777432 694.5600525 676.8424836 670.9298749 633.9802461 727.1356772 616.1530751 751.6900362 543.4321708 523.5106806 555.7254245 904.4954683 868.7590266 873.7599454 895.3624374 850.1365946 477.4594812 486.0048396 987.8603073 1026.947176 1118.832577 1074.766801 415.6985070 1152.044891 352.2283454 340.7933843 293.8017328 266.9362116 229.1032845 106.5127497 117.8024622 112.8607437 104.0918731 84.56090852 124.3278096 130.3676900 140.0574225 81.64302290 215.1494713 67.88185818 54.66231844 43.11935579 34.12535420 26.51962429 17.55973887 3.850789069 1210.712128 1248.534922 1309.687884 1357.847991 1380.031980 1427.236265 1453.831924 1588.423921 1654.770290 1616.802543 1697.877537 1713.599540 1790.365879 1850.531586 1908.119337 1959.071129 2056.195193 2138.438649 2218.166124 2309.533663 2377.352399 2405.876371 2480.171741 2649.187981 2701.904644 2713.251386 2746.827734 3040.920084 3139.219412 3242.009993 3436.554700 3468.602854 3491.774808 3634.809035 3725.953527 3758.423159 3813.601389 3915.880748 4043.900461 4140.334891 4303.017297 4410.001576 4516.712561 4948.909283 5076.206290 5593.340702 5985.497534 6113.403967 6292.746667 6352.540179 6844.192872 7587.979916 7715.049936 8110.091452 8605.541745 8698.644207 9393.736711 9593.688873 10331.95721 10614.42477 11597.97457 12247.94038 12759.72485 12965.72489 14008.13864 14624.37159 14947.24316 15608.73419 16313.82874 16744.18724 17639.08461 18571.86492 19742.79499 20330.82681 20608.05614 21706.76793 24194.70836 24549.19920 25171.15497 26495.97074 27161.68867 28639.37095 30855.72331 33212.18965 33782.52478 37487.64931 38207.35016 44530.95295 46498.99427 49531.99841 158866.7885
      sorted:	 3.850789069 17.55973887 26.51962429 34.12535420 43.11935579 54.66231844 67.88185818 81.64302290 84.56090852 104.0918731 106.5127497 112.8607437 117.8024622 124.3278096 130.3676900 140.0574225 215.1494713 229.1032845 266.9362116 293.8017328 340.7933843 352.2283454 415.6985070 477.4594812 486.0048396 523.5106806 543.4321708 555.7254245 616.1530751 633.9802461 670.9298749 676.8424836 684.4777432 688.7508750 690.2202498 694.5600525 727.1356772 751.6900362 850.1365946 868.7590266 873.7599454 895.3624374 904.4954683 987.8603073 1026.947176 1074.766801 1118.832577 1152.044891 1210.712128 1248.534922 1309.687884 1357.847991 1380.031980 1427.236265 1453.831924 1588.423921 1616.802543 1654.770290 1697.877537 1713.599540 1790.365879 1850.531586 1908.119337 1959.071129 2056.195193 2138.438649 2218.166124 2309.533663 2377.352399 2405.876371 2480.171741 2649.187981 2701.904644 2713.251386 2746.827734 3040.920084 3139.219412 3242.009993 3436.554700 3468.602854 3491.774808 3634.809035 3725.953527 3758.423159 3813.601389 3915.880748 4043.900461 4140.334891 4303.017297 4410.001576 4516.712561 4948.909283 5076.206290 5593.340702 5985.497534 6113.403967 6292.746667 6352.540179 6844.192872 7587.979916 7715.049936 8110.091452 8605.541745 8698.644207 9393.736711 9593.688873 10331.95721 10614.42477 11597.97457 12247.94038 12759.72485 12965.72489 14008.13864 14624.37159 14947.24316 15608.73419 16313.82874 16744.18724 17639.08461 18571.86492 19742.79499 20330.82681 20608.05614 21706.76793 24194.70836 24549.19920 25171.15497 26495.97074 27161.68867 28639.37095 30855.72331 33212.18965 33782.52478 37487.64931 38207.35016 44530.95295 46498.99427 49531.99841 158866.7885
